#Slovenia, Life tables (period 5x1), Females	Last modified: 06 Dec 2018;  Methods Protocol: v6 (2017)

  Year          Age         mx       qx    ax      lx      dx      Lx       Tx     ex
  1983           0      0.01267  0.01253  0.12  100000    1253   98901  7488060  74.88
  1983         1-4      0.00085  0.00338  1.46   98747     334  394141  7389158  74.83
  1983         5-9      0.00018  0.00090  2.51   98413      88  491847  6995018  71.08
  1983        10-14     0.00012  0.00059  2.91   98325      58  491504  6503171  66.14
  1983        15-19     0.00037  0.00187  2.86   98267     184  490943  6011666  61.18
  1983        20-24     0.00044  0.00221  2.61   98084     217  489899  5520723  56.29
  1983        25-29     0.00059  0.00294  2.65   97866     288  488655  5030824  51.40
  1983        30-34     0.00077  0.00386  2.82   97578     377  487068  4542169  46.55
  1983        35-39     0.00110  0.00549  2.62   97201     533  484737  4055101  41.72
  1983        40-44     0.00208  0.01036  2.73   96668    1001  481068  3570364  36.93
  1983        45-49     0.00354  0.01757  2.63   95666    1681  474351  3089297  32.29
  1983        50-54     0.00546  0.02695  2.67   93986    2533  464020  2614946  27.82
  1983        55-59     0.00856  0.04197  2.75   91453    3838  448612  2150926  23.52
  1983        60-64     0.01215  0.05907  2.66   87615    5175  425972  1702314  19.43
  1983        65-69     0.02056  0.09813  2.68   82439    8090  393444  1276342  15.48
  1983        70-74     0.03726  0.17142  2.67   74349   12745  342045   882898  11.88
  1983        75-79     0.06597  0.28462  2.59   61604   17534  265790   540854   8.78
  1983        80-84     0.12030  0.46214  2.49   44070   20366  169302   275063   6.24
  1983        85-89     0.19069  0.63204  2.33   23704   14982   78568   105762   4.46
  1983        90-94     0.29960  0.79583  2.06    8722    6941   23169    27193   3.12
  1983        95-99     0.43141  0.90203  1.77    1781    1606    3723     4025   2.26
  1983       100-104    0.57429  0.95598  1.51     174     167     290      301   1.73
  1983       105-109    0.70721  0.97902  1.31       8       8      11       11   1.41
  1983       110+       0.80174  1.00000  1.25       0       0       0        0   1.25
  1984           0      0.01210  0.01197  0.12  100000    1197   98951  7527999  75.28
  1984         1-4      0.00039  0.00158  1.52   98803     156  394824  7429047  75.19
  1984         5-9      0.00022  0.00110  2.37   98647     109  492948  7034224  71.31
  1984        10-14     0.00026  0.00130  2.24   98538     128  492336  6541275  66.38
  1984        15-19     0.00042  0.00211  2.28   98410     207  491485  6048939  61.47
  1984        20-24     0.00043  0.00214  2.36   98202     210  490455  5557454  56.59
  1984        25-29     0.00043  0.00216  2.38   97992     212  489404  5066999  51.71
  1984        30-34     0.00069  0.00342  2.68   97780     335  488121  4577595  46.82
  1984        35-39     0.00118  0.00588  2.43   97445     573  485752  4089474  41.97
  1984        40-44     0.00222  0.01105  2.77   96872    1071  481977  3603722  37.20
  1984        45-49     0.00350  0.01734  2.75   95802    1661  475268  3121745  32.59
  1984        50-54     0.00524  0.02590  2.67   94140    2438  465030  2646477  28.11
  1984        55-59     0.00761  0.03738  2.61   91702    3428  450327  2181447  23.79
  1984        60-64     0.01180  0.05748  2.78   88274    5074  430122  1731120  19.61
  1984        65-69     0.01967  0.09404  2.68   83200    7824  397837  1300999  15.64
  1984        70-74     0.03524  0.16277  2.66   75376   12269  348186   903162  11.98
  1984        75-79     0.06633  0.28701  2.66   63107   18113  273068   554976   8.79
  1984        80-84     0.11927  0.45771  2.46   44994   20594  172677   281908   6.27
  1984        85-89     0.18985  0.62982  2.33   24400   15368   80947   109232   4.48
  1984        90-94     0.29818  0.79406  2.06    9032    7172   24054    28284   3.13
  1984        95-99     0.42847  0.90028  1.78    1860    1675    3908     4231   2.27
  1984       100-104    0.57002  0.95484  1.52     185     177     311      323   1.74
  1984       105-109    0.70239  0.97842  1.31       8       8      12       12   1.42
  1984       110+       0.79710  1.00000  1.25       0       0       0        0   1.25
  1985           0      0.00990  0.00982  0.13  100000     982   99145  7580966  75.81
  1985         1-4      0.00033  0.00131  2.01   99018     130  395816  7481822  75.56
  1985         5-9      0.00029  0.00144  2.26   98889     143  494052  7086006  71.66
  1985        10-14     0.00009  0.00043  2.21   98746      43  493610  6591953  66.76
  1985        15-19     0.00040  0.00198  2.66   98703     196  493057  6098344  61.78
  1985        20-24     0.00052  0.00259  2.20   98507     255  491823  5605286  56.90
  1985        25-29     0.00045  0.00224  2.68   98252     220  490750  5113463  52.04
  1985        30-34     0.00068  0.00338  2.66   98032     332  489384  4622713  47.16
  1985        35-39     0.00124  0.00619  2.69   97700     605  487103  4133329  42.31
  1985        40-44     0.00159  0.00793  2.46   97095     770  483522  3646226  37.55
  1985        45-49     0.00290  0.01439  2.69   96325    1386  478425  3162704  32.83
  1985        50-54     0.00489  0.02416  2.71   94939    2294  469450  2684279  28.27
  1985        55-59     0.00731  0.03594  2.67   92645    3330  455469  2214830  23.91
  1985        60-64     0.01160  0.05633  2.48   89316    5031  433904  1759360  19.70
  1985        65-69     0.02099  0.10026  2.77   84284    8450  402563  1325456  15.73
  1985        70-74     0.03415  0.15846  2.72   75834   12016  351826   922893  12.17
  1985        75-79     0.06290  0.27293  2.58   63818   17418  276891   571067   8.95
  1985        80-84     0.11607  0.44963  2.50   46400   20863  179745   294176   6.34
  1985        85-89     0.18989  0.63224  2.36   25537   16146   85026   114432   4.48
  1985        90-94     0.29787  0.79415  2.06    9392    7458   25039    29405   3.13
  1985        95-99     0.43154  0.90232  1.78    1933    1744    4042     4367   2.26
  1985       100-104    0.57660  0.95666  1.51     189     181     313      325   1.72
  1985       105-109    0.71107  0.97952  1.30       8       8      11       11   1.40
  1985       110+       0.80613  1.00000  1.24       0       0       0        0   1.24
  1986           0      0.01062  0.01052  0.13  100000    1052   99082  7612817  76.13
  1986         1-4      0.00050  0.00198  1.39   98948     196  395280  7513735  75.94
  1986         5-9      0.00016  0.00082  1.91   98752      81  493509  7118455  72.08
  1986        10-14     0.00019  0.00097  1.74   98671      96  493041  6624945  67.14
  1986        15-19     0.00034  0.00171  2.41   98575     169  492436  6131904  62.21
  1986        20-24     0.00042  0.00210  2.41   98406     206  491494  5639468  57.31
  1986        25-29     0.00067  0.00333  2.29   98200     327  490113  5147974  52.42
  1986        30-34     0.00064  0.00320  2.55   97873     313  488596  4657861  47.59
  1986        35-39     0.00091  0.00454  2.51   97560     443  486695  4169265  42.74
  1986        40-44     0.00208  0.01036  2.83   97117    1006  483398  3682571  37.92
  1986        45-49     0.00278  0.01379  2.83   96110    1326  477679  3199172  33.29
  1986        50-54     0.00485  0.02396  2.63   94785    2271  468542  2721493  28.71
  1986        55-59     0.00687  0.03381  2.66   92514    3127  455237  2252951  24.35
  1986        60-64     0.01067  0.05205  2.70   89387    4653  436244  1797714  20.11
  1986        65-69     0.01812  0.08706  2.74   84734    7376  407023  1361470  16.07
  1986        70-74     0.03258  0.15156  2.71   77357   11724  359910   954447  12.34
  1986        75-79     0.06161  0.26876  2.63   65633   17639  286324   594537   9.06
  1986        80-84     0.11262  0.43973  2.51   47994   21104  187398   308212   6.42
  1986        85-89     0.18863  0.62621  2.32   26889   16839   89268   120814   4.49
  1986        90-94     0.29674  0.79322  2.07   10051    7973   26867    31546   3.14
  1986        95-99     0.43300  0.90339  1.77    2078    1878    4336     4679   2.25
  1986       100-104    0.58087  0.95784  1.50     201     192     331      343   1.71
  1986       105-109    0.71714  0.98027  1.29       8       8      12       12   1.39
  1986       110+       0.81256  1.00000  1.23       0       0       0        0   1.23
  1987           0      0.01076  0.01066  0.13  100000    1066   99069  7622430  76.22
  1987         1-4      0.00041  0.00165  1.58   98934     164  395341  7523361  76.04
  1987         5-9      0.00013  0.00063  1.90   98770      62  493659  7128020  72.17
  1987        10-14     0.00005  0.00027  1.78   98708      27  493454  6634361  67.21
  1987        15-19     0.00045  0.00226  3.32   98681     223  493032  6140907  62.23
  1987        20-24     0.00038  0.00188  2.05   98458     185  491747  5647876  57.36
  1987        25-29     0.00050  0.00247  2.45   98274     243  490748  5156129  52.47
  1987        30-34     0.00092  0.00460  2.68   98031     451  489109  4665381  47.59
  1987        35-39     0.00124  0.00616  2.82   97580     601  486590  4176272  42.80
  1987        40-44     0.00157  0.00783  2.54   96978     759  483022  3689682  38.05
  1987        45-49     0.00325  0.01613  2.74   96219    1552  477583  3206660  33.33
  1987        50-54     0.00490  0.02422  2.59   94667    2292  467804  2729076  28.83
  1987        55-59     0.00700  0.03442  2.66   92374    3180  454435  2261272  24.48
  1987        60-64     0.01132  0.05510  2.63   89195    4915  434332  1806837  20.26
  1987        65-69     0.01689  0.08114  2.57   84280    6838  404773  1372504  16.29
  1987        70-74     0.03104  0.14464  2.64   77442   11201  360804   967732  12.50
  1987        75-79     0.05918  0.25972  2.64   66241   17204  290684   606928   9.16
  1987        80-84     0.11243  0.43949  2.52   49037   21551  191686   316243   6.45
  1987        85-89     0.18829  0.62109  2.26   27486   17071   90665   124558   4.53
  1987        90-94     0.28493  0.77832  2.09   10415    8106   28449    33893   3.25
  1987        95-99     0.41199  0.89055  1.81    2309    2056    4990     5443   2.36
  1987       100-104    0.55231  0.95008  1.55     253     240     435      453   1.79
  1987       105-109    0.68611  0.97635  1.34      13      12      18       18   1.45
  1987       110+       0.78338  1.00000  1.28       0       0       0        0   1.28
  1988           0      0.00875  0.00868  0.13  100000     868   99245  7679122  76.79
  1988         1-4      0.00038  0.00152  1.17   99132     150  396101  7579876  76.46
  1988         5-9      0.00034  0.00170  1.83   98981     169  494372  7183775  72.58
  1988        10-14     0.00018  0.00090  2.83   98813      89  493871  6689403  67.70
  1988        15-19     0.00043  0.00214  2.61   98724     212  493113  6195532  62.76
  1988        20-24     0.00048  0.00240  2.42   98512     236  491953  5702419  57.89
  1988        25-29     0.00047  0.00236  2.66   98276     232  490839  5210466  53.02
  1988        30-34     0.00072  0.00360  2.59   98044     353  489370  4719627  48.14
  1988        35-39     0.00102  0.00511  2.58   97691     499  487250  4230257  43.30
  1988        40-44     0.00167  0.00833  2.73   97192     809  484122  3743006  38.51
  1988        45-49     0.00258  0.01282  2.78   96383    1235  479173  3258885  33.81
  1988        50-54     0.00452  0.02236  2.78   95147    2128  471013  2779712  29.21
  1988        55-59     0.00724  0.03559  2.72   93020    3311  457558  2308698  24.82
  1988        60-64     0.01052  0.05134  2.68   89709    4605  437848  1851140  20.63
  1988        65-69     0.01800  0.08625  2.59   85104    7340  407821  1413292  16.61
  1988        70-74     0.02976  0.13907  2.65   77764   10815  363394  1005471  12.93
  1988        75-79     0.05587  0.24665  2.63   66949   16513  295579   642077   9.59
  1988        80-84     0.10160  0.40673  2.55   50436   20514  201898   346498   6.87
  1988        85-89     0.17061  0.58541  2.32   29922   17517  102675   144600   4.83
  1988        90-94     0.27165  0.76221  2.12   12405    9456   34808    41925   3.38
  1988        95-99     0.40133  0.88442  1.84    2950    2609    6501     7118   2.41
  1988       100-104    0.54672  0.94884  1.56     341     323     592      617   1.81
  1988       105-109    0.68605  0.97650  1.34      17      17      25       25   1.45
  1988       110+       0.78684  1.00000  1.27       0       0       1        1   1.27
  1989           0      0.00755  0.00750  0.13  100000     750   99350  7723528  77.24
  1989         1-4      0.00038  0.00152  1.13   99250     151  396567  7624178  76.82
  1989         5-9      0.00029  0.00143  2.55   99099     141  495150  7227611  72.93
  1989        10-14     0.00016  0.00082  2.59   98958      81  494593  6732461  68.03
  1989        15-19     0.00042  0.00212  2.41   98877     210  493840  6237868  63.09
  1989        20-24     0.00054  0.00269  2.46   98667     266  492658  5744028  58.22
  1989        25-29     0.00051  0.00256  2.57   98401     252  491393  5251370  53.37
  1989        30-34     0.00061  0.00304  2.72   98149     298  490066  4759977  48.50
  1989        35-39     0.00108  0.00536  2.47   97851     525  487929  4269911  43.64
  1989        40-44     0.00181  0.00902  2.63   97326     878  484548  3781982  38.86
  1989        45-49     0.00312  0.01547  2.75   96448    1492  478888  3297434  34.19
  1989        50-54     0.00420  0.02079  2.70   94956    1974  470232  2818546  29.68
  1989        55-59     0.00666  0.03279  2.56   92982    3049  457485  2348314  25.26
  1989        60-64     0.01023  0.05000  2.74   89933    4497  439519  1890829  21.02
  1989        65-69     0.01629  0.07852  2.70   85436    6709  411764  1451311  16.99
  1989        70-74     0.03036  0.14189  2.70   78728   11170  367978  1039547  13.20
  1989        75-79     0.05148  0.22923  2.61   67557   15486  300807   671569   9.94
  1989        80-84     0.09446  0.38334  2.54   52071   19961  211319   370761   7.12
  1989        85-89     0.16436  0.57395  2.37   32110   18430  112132   159443   4.97
  1989        90-94     0.26360  0.75201  2.14   13680   10288   39028    47310   3.46
  1989        95-99     0.39592  0.88137  1.85    3393    2990    7552     8282   2.44
  1989       100-104    0.54568  0.94883  1.56     402     382     700      730   1.81
  1989       105-109    0.68924  0.97704  1.33      21      20      29       30   1.45
  1989       110+       0.79235  1.00000  1.26       0       0       1        1   1.26
  1990           0      0.00662  0.00658  0.14  100000     658   99431  7768997  77.69
  1990         1-4      0.00029  0.00115  1.98   99342     114  397136  7669566  77.20
  1990         5-9      0.00022  0.00111  2.10   99228     110  495819  7272430  73.29
  1990        10-14     0.00015  0.00075  3.13   99117      74  495449  6776611  68.37
  1990        15-19     0.00032  0.00162  2.82   99044     161  494867  6281162  63.42
  1990        20-24     0.00049  0.00243  2.20   98883     240  493745  5786294  58.52
  1990        25-29     0.00038  0.00191  2.00   98643     188  492651  5292549  53.65
  1990        30-34     0.00058  0.00289  2.64   98455     285  491603  4799899  48.75
  1990        35-39     0.00097  0.00485  2.99   98170     476  489890  4308296  43.89
  1990        40-44     0.00160  0.00796  2.42   97694     778  486463  3818406  39.09
  1990        45-49     0.00249  0.01236  2.85   96916    1198  482004  3331942  34.38
  1990        50-54     0.00407  0.02015  2.70   95718    1928  474160  2849939  29.77
  1990        55-59     0.00601  0.02963  2.64   93790    2779  462386  2375779  25.33
  1990        60-64     0.00939  0.04594  2.67   91011    4181  445324  1913393  21.02
  1990        65-69     0.01606  0.07740  2.68   86830    6720  418536  1468069  16.91
  1990        70-74     0.03046  0.14225  2.68   80110   11395  374078  1049533  13.10
  1990        75-79     0.05456  0.24208  2.67   68715   16634  304860   675456   9.83
  1990        80-84     0.09461  0.38514  2.59   52080   20058  211996   370596   7.12
  1990        85-89     0.16329  0.57006  2.35   32022   18255  111793   158600   4.95
  1990        90-94     0.26875  0.75945  2.14   13768   10456   38906    46807   3.40
  1990        95-99     0.40593  0.88827  1.83    3312    2942    7247     7901   2.39
  1990       100-104    0.55995  0.95299  1.54     370     353     630      654   1.77
  1990       105-109    0.70504  0.97907  1.31      17      17      24       25   1.41
  1990       110+       0.80716  1.00000  1.24       0       0       0        0   1.24
  1991           0      0.00568  0.00565  0.14  100000     565   99513  7737985  77.38
  1991         1-4      0.00037  0.00146  1.44   99435     145  397369  7638473  76.82
  1991         5-9      0.00018  0.00090  2.85   99290      90  496256  7241104  72.93
  1991        10-14     0.00014  0.00068  3.89   99200      68  495926  6744848  67.99
  1991        15-19     0.00028  0.00139  2.46   99133     138  495313  6248922  63.04
  1991        20-24     0.00033  0.00165  2.40   98995     163  494549  5753609  58.12
  1991        25-29     0.00054  0.00267  2.80   98831     264  493574  5259060  53.21
  1991        30-34     0.00048  0.00242  2.82   98567     238  492316  4765486  48.35
  1991        35-39     0.00100  0.00500  2.43   98329     492  490380  4273170  43.46
  1991        40-44     0.00163  0.00812  2.56   97837     795  487246  3782790  38.66
  1991        45-49     0.00290  0.01441  2.66   97042    1398  481935  3295544  33.96
  1991        50-54     0.00471  0.02331  2.64   95644    2229  472953  2813609  29.42
  1991        55-59     0.00655  0.03224  2.53   93415    3011  459630  2340656  25.06
  1991        60-64     0.01027  0.05010  2.57   90403    4529  441026  1881026  20.81
  1991        65-69     0.01672  0.08052  2.70   85874    6914  413457  1440000  16.77
  1991        70-74     0.03208  0.14923  2.66   78960   11783  367260  1026543  13.00
  1991        75-79     0.05199  0.23242  2.72   67177   15613  300333   659283   9.81
  1991        80-84     0.09547  0.38681  2.55   51564   19946  208918   358950   6.96
  1991        85-89     0.17485  0.59651  2.34   31618   18860  107865   150031   4.75
  1991        90-94     0.27800  0.77170  2.12   12758    9845   35414    42167   3.31
  1991        95-99     0.41890  0.89632  1.81    2913    2611    6232     6753   2.32
  1991       100-104    0.57502  0.95690  1.51     302     289     503      521   1.72
  1991       105-109    0.71938  0.98071  1.29      13      13      18       18   1.39
  1991       110+       0.81923  1.00000  1.22       0       0       0        0   1.22
  1992           0      0.00807  0.00801  0.13  100000     801   99305  7747450  77.47
  1992         1-4      0.00037  0.00150  1.79   99199     148  396467  7648145  77.10
  1992         5-9      0.00016  0.00079  1.86   99050      78  495006  7251678  73.21
  1992        10-14     0.00021  0.00104  2.88   98972     103  494642  6756672  68.27
  1992        15-19     0.00042  0.00208  3.38   98869     206  494012  6262030  63.34
  1992        20-24     0.00038  0.00189  2.74   98663     186  492895  5768018  58.46
  1992        25-29     0.00042  0.00211  2.51   98477     208  491867  5275122  53.57
  1992        30-34     0.00056  0.00278  2.46   98269     274  490649  4783255  48.68
  1992        35-39     0.00114  0.00569  2.39   97995     558  488518  4292606  43.80
  1992        40-44     0.00169  0.00843  2.77   97437     821  485353  3804088  39.04
  1992        45-49     0.00320  0.01586  2.67   96616    1532  479509  3318735  34.35
  1992        50-54     0.00417  0.02065  2.55   95084    1964  470608  2839226  29.86
  1992        55-59     0.00599  0.02952  2.68   93120    2749  459210  2368618  25.44
  1992        60-64     0.01019  0.04983  2.78   90371    4503  441852  1909409  21.13
  1992        65-69     0.01559  0.07526  2.71   85868    6463  414561  1467557  17.09
  1992        70-74     0.02882  0.13522  2.71   79405   10737  372490  1052996  13.26
  1992        75-79     0.05269  0.23420  2.63   68668   16082  305251   680506   9.91
  1992        80-84     0.09319  0.38071  2.60   52586   20020  214821   375254   7.14
  1992        85-89     0.16432  0.57638  2.41   32566   18770  114229   160433   4.93
  1992        90-94     0.27327  0.76596  2.13   13796   10567   38669    46204   3.35
  1992        95-99     0.41571  0.89471  1.82    3229    2889    6949     7535   2.33
  1992       100-104    0.57438  0.95689  1.52     340     325     566      587   1.73
  1992       105-109    0.72108  0.98095  1.29      15      14      20       20   1.38
  1992       110+       0.82204  1.00000  1.22       0       0       0        0   1.22
  1993           0      0.00542  0.00539  0.14  100000     539   99535  7754591  77.55
  1993         1-4      0.00038  0.00151  1.64   99461     150  397487  7655056  76.97
  1993         5-9      0.00013  0.00064  1.98   99310      63  496360  7257569  73.08
  1993        10-14     0.00015  0.00077  2.27   99247      76  496026  6761209  68.13
  1993        15-19     0.00029  0.00145  3.09   99171     144  495578  6265183  63.18
  1993        20-24     0.00053  0.00263  2.48   99027     260  494478  5769605  58.26
  1993        25-29     0.00044  0.00221  2.44   98767     219  493274  5275127  53.41
  1993        30-34     0.00074  0.00372  2.79   98548     366  491929  4781853  48.52
  1993        35-39     0.00106  0.00531  2.75   98182     521  489736  4289924  43.69
  1993        40-44     0.00175  0.00869  2.66   97660     849  486312  3800188  38.91
  1993        45-49     0.00268  0.01333  2.61   96811    1290  480970  3313876  34.23
  1993        50-54     0.00421  0.02087  2.75   95521    1994  473120  2832906  29.66
  1993        55-59     0.00642  0.03163  2.75   93528    2958  460971  2359786  25.23
  1993        60-64     0.01102  0.05369  2.66   90569    4863  441474  1898815  20.97
  1993        65-69     0.01569  0.07582  2.77   85706    6498  414072  1457341  17.00
  1993        70-74     0.02932  0.13708  2.63   79208   10858  370322  1043269  13.17
  1993        75-79     0.05114  0.22866  2.69   68351   15629  305595   672948   9.85
  1993        80-84     0.09715  0.39124  2.51   52722   20627  212323   367353   6.97
  1993        85-89     0.17041  0.58708  2.35   32095   18842  110572   155030   4.83
  1993        90-94     0.27339  0.76532  2.12   13253   10142   37099    44458   3.35
  1993        95-99     0.40979  0.89047  1.83    3110    2769    6758     7359   2.37
  1993       100-104    0.56207  0.95344  1.53     341     325     578      600   1.76
  1993       105-109    0.70524  0.97904  1.31      16      16      22       22   1.41
  1993       110+       0.80619  1.00000  1.24       0       0       0        0   1.24
  1994           0      0.00684  0.00680  0.13  100000     680   99412  7769937  77.70
  1994         1-4      0.00027  0.00106  2.08   99320     106  397076  7670526  77.23
  1994         5-9      0.00028  0.00138  2.58   99214     137  495740  7273449  73.31
  1994        10-14     0.00010  0.00049  3.00   99078      49  495290  6777709  68.41
  1994        15-19     0.00037  0.00185  2.58   99029     183  494700  6282419  63.44
  1994        20-24     0.00048  0.00241  2.51   98845     239  493632  5787720  58.55
  1994        25-29     0.00054  0.00270  2.68   98607     267  492415  5294088  53.69
  1994        30-34     0.00068  0.00339  2.73   98340     333  490943  4801672  48.83
  1994        35-39     0.00104  0.00520  2.62   98007     509  488820  4310729  43.98
  1994        40-44     0.00179  0.00890  2.87   97497     868  485641  3821909  39.20
  1994        45-49     0.00270  0.01341  2.69   96629    1296  480147  3336269  34.53
  1994        50-54     0.00412  0.02040  2.76   95333    1945  472311  2856122  29.96
  1994        55-59     0.00623  0.03072  2.73   93388    2869  460428  2383810  25.53
  1994        60-64     0.00946  0.04630  2.68   90520    4191  442883  1923383  21.25
  1994        65-69     0.01607  0.07744  2.66   86329    6685  416018  1480500  17.15
  1994        70-74     0.02719  0.12786  2.67   79644   10183  374480  1064482  13.37
  1994        75-79     0.05336  0.23718  2.66   69461   16474  308755   690002   9.93
  1994        80-84     0.09242  0.37873  2.62   52986   20068  217144   381247   7.20
  1994        85-89     0.16288  0.56951  2.36   32918   18747  115097   164103   4.99
  1994        90-94     0.26322  0.75193  2.15   14171   10656   40481    49006   3.46
  1994        95-99     0.39871  0.88358  1.85    3515    3106    7791     8524   2.42
  1994       100-104    0.55199  0.95082  1.55     409     389     705      734   1.79
  1994       105-109    0.69776  0.97819  1.32      20      20      28       29   1.43
  1994       110+       0.80121  1.00000  1.25       0       0       1        1   1.25
  1995           0      0.00504  0.00502  0.14  100000     502   99568  7832381  78.32
  1995         1-4      0.00012  0.00049  2.03   99498      49  397895  7732813  77.72
  1995         5-9      0.00022  0.00109  2.29   99449     108  496950  7334918  73.76
  1995        10-14     0.00015  0.00073  2.43   99340      73  496514  6837968  68.83
  1995        15-19     0.00042  0.00211  2.75   99267     209  495868  6341454  63.88
  1995        20-24     0.00035  0.00177  2.56   99058     175  494864  5845586  59.01
  1995        25-29     0.00043  0.00215  2.62   98883     212  493910  5350722  54.11
  1995        30-34     0.00060  0.00297  3.09   98671     293  492794  4856813  49.22
  1995        35-39     0.00099  0.00495  2.68   98378     487  490758  4364019  44.36
  1995        40-44     0.00165  0.00821  2.51   97891     803  487456  3873261  39.57
  1995        45-49     0.00282  0.01403  2.76   97087    1362  482385  3385806  34.87
  1995        50-54     0.00421  0.02082  2.51   95726    1993  473663  2903421  30.33
  1995        55-59     0.00536  0.02644  2.61   93732    2478  462733  2429758  25.92
  1995        60-64     0.00963  0.04708  2.67   91254    4296  446267  1967025  21.56
  1995        65-69     0.01580  0.07618  2.65   86958    6625  419224  1520758  17.49
  1995        70-74     0.02698  0.12705  2.71   80334   10207  378271  1101534  13.71
  1995        75-79     0.04689  0.21111  2.64   70127   14804  315750   723263  10.31
  1995        80-84     0.08842  0.36362  2.56   55323   20116  227516   407512   7.37
  1995        85-89     0.15619  0.55751  2.43   35206   19628  125668   179997   5.11
  1995        90-94     0.26003  0.74802  2.16   15578   11653   44814    54329   3.49
  1995        95-99     0.39865  0.88399  1.85    3925    3470    8704     9515   2.42
  1995       100-104    0.55599  0.95216  1.55     455     434     780      811   1.78
  1995       105-109    0.70477  0.97913  1.31      22      21      30       31   1.42
  1995       110+       0.80914  1.00000  1.24       0       0       1        1   1.24
  1996           0      0.00340  0.00339  0.14  100000     339   99709  7885487  78.85
  1996         1-4      0.00029  0.00114  1.57   99661     114  398370  7785778  78.12
  1996         5-9      0.00005  0.00027  1.47   99548      27  497645  7387408  74.21
  1996        10-14     0.00015  0.00074  3.28   99521      74  497479  6889762  69.23
  1996        15-19     0.00026  0.00130  2.60   99447     129  496926  6392284  64.28
  1996        20-24     0.00047  0.00237  2.17   99318     235  495925  5895358  59.36
  1996        25-29     0.00048  0.00239  3.03   99083     236  494951  5399433  54.49
  1996        30-34     0.00049  0.00245  2.23   98847     242  493563  4904482  49.62
  1996        35-39     0.00107  0.00533  2.72   98605     525  491826  4410920  44.73
  1996        40-44     0.00149  0.00744  2.76   98080     730  488766  3919094  39.96
  1996        45-49     0.00282  0.01402  2.59   97350    1365  483464  3430328  35.24
  1996        50-54     0.00430  0.02128  2.78   95985    2043  475389  2946863  30.70
  1996        55-59     0.00579  0.02858  2.63   93942    2685  463358  2471474  26.31
  1996        60-64     0.00889  0.04353  2.67   91257    3972  447033  2008116  22.01
  1996        65-69     0.01467  0.07086  2.58   87285    6185  421471  1561083  17.88
  1996        70-74     0.02482  0.11738  2.70   81100    9519  383599  1139612  14.05
  1996        75-79     0.04389  0.19864  2.61   71580   14219  323988   756013  10.56
  1996        80-84     0.08509  0.35353  2.61   57361   20279  238325   432025   7.53
  1996        85-89     0.14927  0.53364  2.33   37082   19789  132572   193700   5.22
  1996        90-94     0.25555  0.74187  2.17   17294   12830   50204    61128   3.53
  1996        95-99     0.39435  0.88130  1.86    4464    3934    9976    10925   2.45
  1996       100-104    0.55285  0.95139  1.55     530     504     912      948   1.79
  1996       105-109    0.70324  0.97898  1.31      26      25      36       37   1.42
  1996       110+       0.80877  1.00000  1.24       1       1       1        1   1.24
  1997           0      0.00453  0.00451  0.14  100000     451   99612  7899285  78.99
  1997         1-4      0.00024  0.00096  1.47   99549      95  397955  7799674  78.35
  1997         5-9      0.00011  0.00053  2.67   99454      53  497145  7401719  74.42
  1997        10-14     0.00012  0.00061  3.32   99401      61  496902  6904574  69.46
  1997        15-19     0.00032  0.00160  2.26   99340     159  496263  6407673  64.50
  1997        20-24     0.00025  0.00125  2.52   99181     124  495595  5911410  59.60
  1997        25-29     0.00027  0.00136  2.06   99056     135  494885  5415815  54.67
  1997        30-34     0.00049  0.00245  2.91   98922     243  494100  4920930  49.75
  1997        35-39     0.00101  0.00506  2.86   98679     499  492323  4426831  44.86
  1997        40-44     0.00151  0.00751  2.63   98180     738  489152  3934507  40.07
  1997        45-49     0.00256  0.01274  2.73   97442    1241  484391  3445355  35.36
  1997        50-54     0.00351  0.01740  2.79   96201    1674  477304  2960964  30.78
  1997        55-59     0.00573  0.02828  2.66   94526    2673  466363  2483661  26.27
  1997        60-64     0.00873  0.04279  2.73   91853    3930  450342  2017298  21.96
  1997        65-69     0.01425  0.06902  2.75   87923    6069  425960  1566956  17.82
  1997        70-74     0.02381  0.11267  2.62   81854    9223  387357  1140996  13.94
  1997        75-79     0.04594  0.20671  2.58   72631   15013  326831   753639  10.38
  1997        80-84     0.08775  0.36096  2.54   57618   20798  237021   426808   7.41
  1997        85-89     0.15236  0.54830  2.44   36820   20189  132506   189787   5.15
  1997        90-94     0.26351  0.75353  2.16   16632   12533   47560    57281   3.44
  1997        95-99     0.40822  0.89067  1.84    4099    3651    8944     9721   2.37
  1997       100-104    0.57135  0.95641  1.52     448     429     750      777   1.73
  1997       105-109    0.72248  0.98120  1.29      20      19      27       27   1.38
  1997       110+       0.82576  1.00000  1.21       0       0       0        0   1.21
  1998           0      0.00403  0.00402  0.14  100000     402   99655  7905210  79.05
  1998         1-4      0.00030  0.00119  1.21   99598     119  398061  7805556  78.37
  1998         5-9      0.00006  0.00030  1.42   99479      29  497291  7407495  74.46
  1998        10-14     0.00017  0.00087  2.20   99450      87  497006  6910204  69.48
  1998        15-19     0.00038  0.00190  2.79   99363     189  496399  6413198  64.54
  1998        20-24     0.00040  0.00201  2.55   99174     199  495383  5916799  59.66
  1998        25-29     0.00036  0.00179  2.42   98975     177  494421  5421416  54.78
  1998        30-34     0.00046  0.00227  2.77   98798     225  493492  4926996  49.87
  1998        35-39     0.00083  0.00416  2.64   98574     410  491901  4433503  44.98
  1998        40-44     0.00163  0.00812  2.72   98164     797  489000  3941603  40.15
  1998        45-49     0.00259  0.01286  2.67   97367    1252  483917  3452602  35.46
  1998        50-54     0.00395  0.01957  2.52   96115    1881  475908  2968685  30.89
  1998        55-59     0.00532  0.02626  2.71   94234    2475  465512  2492777  26.45
  1998        60-64     0.00845  0.04143  2.64   91759    3802  449831  2027265  22.09
  1998        65-69     0.01449  0.07007  2.66   87958    6163  425394  1577433  17.93
  1998        70-74     0.02491  0.11774  2.69   81794    9631  386698  1152039  14.08
  1998        75-79     0.04480  0.20281  2.67   72164   14636  326690   765341  10.61
  1998        80-84     0.08268  0.34735  2.70   57528   19983  241698   438651   7.63
  1998        85-89     0.14934  0.54011  2.44   37545   20279  135786   196953   5.25
  1998        90-94     0.25455  0.74077  2.18   17267   12790   50247    61167   3.54
  1998        95-99     0.39558  0.88240  1.86    4476    3950    9984    10920   2.44
  1998       100-104    0.55672  0.95259  1.55     526     501     901      936   1.78
  1998       105-109    0.70882  0.97969  1.31      25      24      34       35   1.41
  1998       110+       0.81459  1.00000  1.23       1       1       1        1   1.23
  1999           0      0.00424  0.00422  0.14  100000     422   99637  7926595  79.27
  1999         1-4      0.00016  0.00065  2.30   99578      65  398202  7826958  78.60
  1999         5-9      0.00004  0.00020  1.49   99513      20  497494  7428756  74.65
  1999        10-14     0.00013  0.00064  2.36   99493      63  497297  6931262  69.67
  1999        15-19     0.00025  0.00126  3.29   99429     126  496932  6433965  64.71
  1999        20-24     0.00037  0.00185  2.54   99304     184  496066  5937032  59.79
  1999        25-29     0.00029  0.00144  3.11   99120     142  495329  5440967  54.89
  1999        30-34     0.00054  0.00271  2.59   98977     268  494240  4945638  49.97
  1999        35-39     0.00066  0.00328  2.82   98709     324  492841  4451398  45.10
  1999        40-44     0.00188  0.00935  2.69   98385     920  489799  3958556  40.24
  1999        45-49     0.00249  0.01238  2.57   97466    1207  484395  3468757  35.59
  1999        50-54     0.00425  0.02105  2.56   96259    2027  476344  2984363  31.00
  1999        55-59     0.00564  0.02784  2.59   94232    2624  464850  2508019  26.62
  1999        60-64     0.00814  0.03992  2.55   91608    3657  449080  2043169  22.30
  1999        65-69     0.01439  0.06964  2.70   87951    6125  425691  1594089  18.12
  1999        70-74     0.02542  0.11982  2.61   81826    9805  385651  1168398  14.28
  1999        75-79     0.04140  0.18868  2.65   72021   13589  328215   782747  10.87
  1999        80-84     0.08172  0.34292  2.66   58432   20037  245209   454532   7.78
  1999        85-89     0.14413  0.52574  2.43   38395   20186  140055   209323   5.45
  1999        90-94     0.23371  0.70881  2.22   18209   12907   55226    69268   3.80
  1999        95-99     0.36126  0.85600  1.93    5302    4539   12564    14042   2.65
  1999       100-104    0.50924  0.93726  1.63     764     716    1405     1478   1.94
  1999       105-109    0.65707  0.97256  1.38      48      47      71       73   1.52
  1999       110+       0.76660  1.00000  1.30       1       1       2        2   1.30
  2000           0      0.00428  0.00427  0.14  100000     427   99633  7974727  79.75
  2000         1-4      0.00014  0.00056  1.86   99573      56  398174  7875094  79.09
  2000         5-9      0.00018  0.00092  1.89   99518      92  497304  7476920  75.13
  2000        10-14     0.00008  0.00041  2.65   99426      41  497034  6979616  70.20
  2000        15-19     0.00035  0.00175  2.73   99385     174  496530  6482582  65.23
  2000        20-24     0.00030  0.00150  2.40   99211     149  495667  5986052  60.34
  2000        25-29     0.00040  0.00199  2.51   99062     197  494821  5490385  55.42
  2000        30-34     0.00046  0.00229  2.49   98865     227  493758  4995563  50.53
  2000        35-39     0.00083  0.00416  2.52   98639     411  492175  4501805  45.64
  2000        40-44     0.00136  0.00676  2.77   98228     664  489658  4009630  40.82
  2000        45-49     0.00265  0.01315  2.68   97564    1283  484848  3519972  36.08
  2000        50-54     0.00392  0.01939  2.54   96281    1867  476807  3035123  31.52
  2000        55-59     0.00502  0.02478  2.51   94413    2340  466252  2558316  27.10
  2000        60-64     0.00819  0.04022  2.75   92074    3703  452043  2092065  22.72
  2000        65-69     0.01297  0.06299  2.73   88370    5566  429236  1640021  18.56
  2000        70-74     0.02270  0.10787  2.71   82804    8932  393539  1210785  14.62
  2000        75-79     0.04083  0.18607  2.62   73872   13745  336661   817246  11.06
  2000        80-84     0.07338  0.31033  2.52   60126   18659  254285   480585   7.99
  2000        85-89     0.14384  0.52579  2.44   41467   21803  151582   226300   5.46
  2000        90-94     0.23264  0.70853  2.24   19664   13933   59890    74718   3.80
  2000        95-99     0.37041  0.86424  1.91    5732    4953   13373    14827   2.59
  2000       100-104    0.52810  0.94418  1.60     778     735    1391     1455   1.87
  2000       105-109    0.68224  0.97641  1.34      43      42      62       63   1.46
  2000       110+       0.79284  1.00000  1.26       1       1       1        1   1.26
  2001           0      0.00347  0.00346  0.14  100000     346   99703  8027068  80.27
  2001         1-4      0.00011  0.00045  1.98   99654      45  398526  7927365  79.55
  2001         5-9      0.00008  0.00042  2.21   99609      42  497930  7528838  75.58
  2001        10-14     0.00007  0.00035  2.17   99568      35  497741  7030908  70.61
  2001        15-19     0.00028  0.00138  2.45   99533     137  497315  6533168  65.64
  2001        20-24     0.00025  0.00123  2.61   99396     122  496688  6035852  60.73
  2001        25-29     0.00025  0.00126  3.02   99274     125  496120  5539164  55.80
  2001        30-34     0.00047  0.00237  2.29   99148     235  495105  5043044  50.86
  2001        35-39     0.00074  0.00369  2.61   98914     365  493695  4547939  45.98
  2001        40-44     0.00129  0.00641  2.69   98549     632  491287  4054244  41.14
  2001        45-49     0.00228  0.01135  2.82   97917    1111  487169  3562956  36.39
  2001        50-54     0.00399  0.01979  2.76   96806    1915  479731  3075787  31.77
  2001        55-59     0.00571  0.02817  2.63   94891    2673  468128  2596056  27.36
  2001        60-64     0.00751  0.03687  2.56   92217    3400  452781  2127928  23.08
  2001        65-69     0.01256  0.06103  2.72   88817    5421  431725  1675146  18.86
  2001        70-74     0.02235  0.10628  2.69   83396    8863  396499  1243421  14.91
  2001        75-79     0.03821  0.17554  2.69   74533   13084  342412   846922  11.36
  2001        80-84     0.07331  0.31134  2.58   61449   19132  260988   504510   8.21
  2001        85-89     0.13167  0.49325  2.46   42317   20873  158522   243522   5.75
  2001        90-94     0.22148  0.68790  2.25   21444   14751   66605    85000   3.96
  2001        95-99     0.34602  0.84355  1.96    6693    5646   16316    18396   2.75
  2001       100-104    0.49545  0.93245  1.66    1047     976    1971     2080   1.99
  2001       105-109    0.64714  0.97111  1.40      71      69     106      109   1.54
  2001       110+       0.76041  1.00000  1.32       2       2       3        3   1.32
  2002           0      0.00271  0.00270  0.14  100000     270   99768  8046214  80.46
  2002         1-4      0.00020  0.00080  2.07   99730      80  398764  7946445  79.68
  2002         5-9      0.00013  0.00063  2.97   99650      63  498122  7547681  75.74
  2002        10-14     0.00009  0.00044  2.76   99587      43  497839  7049559  70.79
  2002        15-19     0.00032  0.00162  2.79   99544     162  497362  6551720  65.82
  2002        20-24     0.00029  0.00145  2.43   99382     144  496542  6054358  60.92
  2002        25-29     0.00025  0.00125  2.52   99238     124  495885  5557816  56.00
  2002        30-34     0.00046  0.00231  3.14   99115     229  495148  5061931  51.07
  2002        35-39     0.00085  0.00427  2.94   98886     422  493561  4566784  46.18
  2002        40-44     0.00116  0.00580  2.89   98464     571  491117  4073223  41.37
  2002        45-49     0.00245  0.01217  2.60   97893    1192  486607  3582106  36.59
  2002        50-54     0.00357  0.01771  2.51   96701    1712  479246  3095498  32.01
  2002        55-59     0.00488  0.02415  2.68   94989    2294  469627  2616252  27.54
  2002        60-64     0.00734  0.03607  2.62   92695    3343  455519  2146625  23.16
  2002        65-69     0.01206  0.05869  2.75   89352    5244  434970  1691105  18.93
  2002        70-74     0.02122  0.10103  2.64   84108    8498  400524  1256136  14.93
  2002        75-79     0.03853  0.17695  2.70   75610   13379  347236   855612  11.32
  2002        80-84     0.07403  0.31441  2.61   62231   19566  264304   508376   8.17
  2002        85-89     0.13230  0.49516  2.46   42665   21126  159677   244072   5.72
  2002        90-94     0.22443  0.69324  2.24   21539   14932   66531    84395   3.92
  2002        95-99     0.35243  0.84941  1.95    6607    5612   15924    17864   2.70
  2002       100-104    0.50538  0.93633  1.64     995     932    1843     1939   1.95
  2002       105-109    0.65893  0.97304  1.38      63      62      94       96   1.51
  2002       110+       0.77207  1.00000  1.30       2       2       2        2   1.30
  2003           0      0.00380  0.00379  0.14  100000     379   99675  8032517  80.33
  2003         1-4      0.00014  0.00058  1.90   99621      58  398363  7932842  79.63
  2003         5-9      0.00015  0.00076  2.15   99563      76  497602  7534479  75.68
  2003        10-14     0.00008  0.00038  2.18   99488      38  497331  7036877  70.73
  2003        15-19     0.00036  0.00181  2.72   99450     180  496839  6539546  65.76
  2003        20-24     0.00032  0.00160  2.59   99270     159  495966  6042707  60.87
  2003        25-29     0.00027  0.00137  2.72   99111     136  495244  5546741  55.96
  2003        30-34     0.00046  0.00228  2.60   98975     226  494331  5051497  51.04
  2003        35-39     0.00069  0.00344  2.82   98749     340  493006  4557167  46.15
  2003        40-44     0.00147  0.00731  2.75   98409     720  490429  4064161  41.30
  2003        45-49     0.00202  0.01003  2.65   97690     980  486148  3573732  36.58
  2003        50-54     0.00345  0.01709  2.56   96710    1652  479523  3087584  31.93
  2003        55-59     0.00523  0.02585  2.62   95058    2457  469443  2608062  27.44
  2003        60-64     0.00707  0.03480  2.81   92601    3222  455948  2138619  23.10
  2003        65-69     0.01215  0.05910  2.68   89378    5283  434632  1682671  18.83
  2003        70-74     0.02213  0.10519  2.65   84096    8846  399732  1248038  14.84
  2003        75-79     0.03947  0.18064  2.66   75250   13593  344410   848306  11.27
  2003        80-84     0.07160  0.30448  2.54   61657   18774  262182   503896   8.17
  2003        85-89     0.13413  0.50051  2.47   42884   21464  160019   241714   5.64
  2003        90-94     0.23159  0.70582  2.23   21420   15119   65281    81695   3.81
  2003        95-99     0.36734  0.86223  1.92    6301    5433   14791    16414   2.60
  2003       100-104    0.52779  0.94429  1.60     868     820    1553     1624   1.87
  2003       105-109    0.68466  0.97681  1.34      48      47      69       70   1.46
  2003       110+       0.79664  1.00000  1.26       1       1       1        1   1.26
  2004           0      0.00396  0.00395  0.14  100000     395   99661  8073115  80.73
  2004         1-4      0.00014  0.00058  1.89   99605      58  398300  7973454  80.05
  2004         5-9      0.00009  0.00043  2.75   99548      43  497643  7575154  76.10
  2004        10-14     0.00017  0.00085  3.08   99505      84  497362  7077511  71.13
  2004        15-19     0.00026  0.00128  3.08   99420     128  496856  6580149  66.19
  2004        20-24     0.00034  0.00170  2.57   99293     169  496053  6083293  61.27
  2004        25-29     0.00031  0.00156  2.54   99124     155  495239  5587240  56.37
  2004        30-34     0.00047  0.00235  3.08   98969     233  494399  5092001  51.45
  2004        35-39     0.00073  0.00362  2.47   98736     357  492777  4597602  46.56
  2004        40-44     0.00121  0.00602  2.85   98379     593  490620  4104825  41.72
  2004        45-49     0.00247  0.01228  2.70   97786    1201  486170  3614205  36.96
  2004        50-54     0.00387  0.01920  2.71   96586    1855  478682  3128035  32.39
  2004        55-59     0.00505  0.02494  2.66   94731    2363  468138  2649353  27.97
  2004        60-64     0.00687  0.03379  2.64   92368    3121  454490  2181216  23.61
  2004        65-69     0.01103  0.05374  2.65   89247    4796  434961  1726726  19.35
  2004        70-74     0.01975  0.09434  2.64   84451    7967  403473  1291765  15.30
  2004        75-79     0.03639  0.16734  2.60   76484   12799  351737   888291  11.61
  2004        80-84     0.07148  0.30531  2.61   63686   19444  272005   536554   8.43
  2004        85-89     0.12462  0.47379  2.47   44242   20962  168206   264549   5.98
  2004        90-94     0.20963  0.66681  2.27   23280   15524   74052    96343   4.14
  2004        95-99     0.32880  0.82749  2.00    7757    6419   19522    22291   2.87
  2004       100-104    0.47424  0.92372  1.70    1338    1236    2606     2769   2.07
  2004       105-109    0.62537  0.96730  1.43     102      99     158      162   1.59
  2004       110+       0.74068  1.00000  1.35       3       3       5        5   1.35
  2005           0      0.00385  0.00384  0.14  100000     384   99670  8088667  80.89
  2005         1-4      0.00029  0.00115  2.19   99616     114  398258  7988997  80.20
  2005         5-9      0.00013  0.00065  3.48   99502      65  497411  7590738  76.29
  2005        10-14     0.00013  0.00067  3.41   99437      66  497079  7093328  71.34
  2005        15-19     0.00013  0.00067  2.06   99371      67  496658  6596249  66.38
  2005        20-24     0.00035  0.00176  2.15   99304     175  496022  6099591  61.42
  2005        25-29     0.00027  0.00135  3.19   99129     134  495403  5603569  56.53
  2005        30-34     0.00057  0.00283  2.54   98995     280  494289  5108166  51.60
  2005        35-39     0.00068  0.00341  2.68   98715     337  492795  4613877  46.74
  2005        40-44     0.00115  0.00572  2.55   98378     562  490515  4121082  41.89
  2005        45-49     0.00200  0.00997  2.69   97816     976  486830  3630567  37.12
  2005        50-54     0.00319  0.01584  2.72   96840    1534  480707  3143737  32.46
  2005        55-59     0.00477  0.02361  2.64   95306    2250  471225  2663030  27.94
  2005        60-64     0.00692  0.03405  2.66   93056    3169  457861  2191804  23.55
  2005        65-69     0.01079  0.05271  2.78   89887    4738  438925  1733943  19.29
  2005        70-74     0.01963  0.09397  2.73   85150    8001  407599  1295018  15.21
  2005        75-79     0.03639  0.16794  2.71   77149   12957  356054   887419  11.50
  2005        80-84     0.06985  0.29958  2.63   64192   19230  275312   531365   8.28
  2005        85-89     0.13157  0.49314  2.46   44962   22172  168520   256053   5.69
  2005        90-94     0.22923  0.70221  2.24   22789   16003   69812    87533   3.84
  2005        95-99     0.36619  0.86157  1.93    6786    5847   15967    17722   2.61
  2005       100-104    0.52861  0.94468  1.60     939     887    1679     1754   1.87
  2005       105-109    0.68724  0.97720  1.34      52      51      74       75   1.45
  2005       110+       0.79995  1.00000  1.25       1       1       1        1   1.25
  2006           0      0.00356  0.00355  0.14  100000     355   99695  8178618  81.79
  2006         1-4      0.00009  0.00035  2.50   99645      35  398529  8078922  81.08
  2006         5-9      0.00011  0.00056  2.87   99611      56  497934  7680393  77.10
  2006        10-14     0.00008  0.00042  1.95   99555      41  497648  7182459  72.15
  2006        15-19     0.00024  0.00121  3.61   99514     121  497401  6684810  67.17
  2006        20-24     0.00030  0.00151  2.39   99393     150  496575  6187410  62.25
  2006        25-29     0.00024  0.00122  2.28   99243     121  495887  5690835  57.34
  2006        30-34     0.00027  0.00132  2.62   99122     131  495299  5194948  52.41
  2006        35-39     0.00046  0.00228  2.47   98991     226  494383  4699649  47.48
  2006        40-44     0.00095  0.00473  2.71   98765     468  492753  4205266  42.58
  2006        45-49     0.00158  0.00788  2.86   98297     774  489834  3712513  37.77
  2006        50-54     0.00331  0.01640  2.65   97523    1600  483851  3222679  33.05
  2006        55-59     0.00431  0.02131  2.54   95924    2044  474593  2738828  28.55
  2006        60-64     0.00675  0.03323  2.67   93880    3120  462145  2264235  24.12
  2006        65-69     0.00991  0.04842  2.70   90760    4395  443681  1802090  19.86
  2006        70-74     0.01820  0.08746  2.78   86365    7553  415093  1358409  15.73
  2006        75-79     0.03331  0.15475  2.71   78812   12196  366170   943317  11.97
  2006        80-84     0.06678  0.28881  2.66   66615   19239  288096   577147   8.66
  2006        85-89     0.11919  0.45962  2.51   47377   21775  182700   289051   6.10
  2006        90-94     0.20770  0.66398  2.28   25601   16999   81841   106351   4.15
  2006        95-99     0.33162  0.83094  2.00    8602    7148   21555    24509   2.85
  2006       100-104    0.48348  0.92809  1.68    1454    1350    2792     2954   2.03
  2006       105-109    0.63991  0.97008  1.41     105     101     159      163   1.56
  2006       110+       0.75730  1.00000  1.32       3       3       4        4   1.32
  2007           0      0.00297  0.00296  0.14  100000     296   99746  8177955  81.78
  2007         1-4      0.00022  0.00090  1.63   99704      90  398603  8078209  81.02
  2007         5-9      0.00014  0.00068  2.50   99614      68  497902  7679606  77.09
  2007        10-14     0.00019  0.00094  2.68   99547      93  497516  7181704  72.14
  2007        15-19     0.00030  0.00150  2.43   99453     149  496883  6684188  67.21
  2007        20-24     0.00030  0.00152  2.67   99304     151  496166  6187305  62.31
  2007        25-29     0.00025  0.00123  2.26   99153     122  495431  5691139  57.40
  2007        30-34     0.00036  0.00179  2.60   99031     177  494732  5195708  52.47
  2007        35-39     0.00050  0.00252  2.78   98854     249  493719  4700976  47.55
  2007        40-44     0.00097  0.00485  2.94   98605     478  492041  4207257  42.67
  2007        45-49     0.00182  0.00906  2.88   98127     889  488750  3715216  37.86
  2007        50-54     0.00300  0.01491  2.67   97238    1450  482807  3226466  33.18
  2007        55-59     0.00453  0.02241  2.64   95788    2147  473869  2743659  28.64
  2007        60-64     0.00631  0.03113  2.80   93642    2915  461799  2269791  24.24
  2007        65-69     0.00991  0.04849  2.77   90726    4399  443822  1807992  19.93
  2007        70-74     0.01792  0.08612  2.75   86327    7435  414883  1364170  15.80
  2007        75-79     0.03288  0.15277  2.69   78893   12053  366575   949287  12.03
  2007        80-84     0.06363  0.27685  2.66   66840   18504  290812   582712   8.72
  2007        85-89     0.12088  0.46207  2.45   48335   22334  184767   291900   6.04
  2007        90-94     0.20922  0.66736  2.29   26001   17352   82939   107132   4.12
  2007        95-99     0.33839  0.83790  1.99    8649    7247   21416    24193   2.80
  2007       100-104    0.49644  0.93356  1.66    1402    1309    2637     2778   1.98
  2007       105-109    0.65694  0.97297  1.38      93      91     138      141   1.52
  2007       110+       0.77496  1.00000  1.29       3       3       3        3   1.29
  2008           0      0.00218  0.00217  0.14  100000     217   99814  8223582  82.24
  2008         1-4      0.00006  0.00022  2.00   99783      22  399087  8123767  81.41
  2008         5-9      0.00021  0.00102  2.60   99761     102  498558  7724681  77.43
  2008        10-14     0.00008  0.00042  2.95   99658      42  498205  7226123  72.51
  2008        15-19     0.00025  0.00123  2.29   99616     122  497750  6727918  67.54
  2008        20-24     0.00017  0.00086  2.02   99494      85  497215  6230168  62.62
  2008        25-29     0.00027  0.00137  2.61   99409     136  496718  5732952  57.67
  2008        30-34     0.00037  0.00183  2.62   99272     182  495930  5236235  52.75
  2008        35-39     0.00051  0.00255  2.59   99091     253  494842  4740304  47.84
  2008        40-44     0.00092  0.00459  2.63   98838     454  493113  4245462  42.95
  2008        45-49     0.00153  0.00765  2.68   98384     752  490172  3752348  38.14
  2008        50-54     0.00320  0.01588  2.63   97632    1551  484486  3262177  33.41
  2008        55-59     0.00405  0.02005  2.72   96081    1927  476010  2777691  28.91
  2008        60-64     0.00626  0.03087  2.66   94154    2906  463984  2301680  24.45
  2008        65-69     0.00940  0.04599  2.69   91248    4197  446544  1837696  20.14
  2008        70-74     0.01644  0.07915  2.65   87052    6891  419037  1391152  15.98
  2008        75-79     0.03242  0.15089  2.71   80161   12095  373129   972114  12.13
  2008        80-84     0.06293  0.27390  2.63   68066   18643  296229   598986   8.80
  2008        85-89     0.11728  0.45528  2.54   49423   22501  191853   302756   6.13
  2008        90-94     0.20884  0.66703  2.29   26921   17957   85988   110904   4.12
  2008        95-99     0.34068  0.84036  1.99    8964    7533   22111    24916   2.78
  2008       100-104    0.50213  0.93590  1.65    1431    1339    2667     2805   1.96
  2008       105-109    0.66503  0.97426  1.37      92      89     134      137   1.50
  2008       110+       0.78353  1.00000  1.28       2       2       3        3   1.28
  2009           0      0.00253  0.00252  0.14  100000     252   99784  8228470  82.28
  2009         1-4      0.00013  0.00052  1.77   99748      52  398876  8128686  81.49
  2009         5-9      0.00014  0.00069  1.99   99696      69  498274  7729810  77.53
  2009        10-14     0.00002  0.00011  3.50   99627      11  498121  7231536  72.59
  2009        15-19     0.00023  0.00116  2.09   99617     116  497747  6733415  67.59
  2009        20-24     0.00021  0.00104  2.02   99501     103  497198  6235668  62.67
  2009        25-29     0.00023  0.00117  3.15   99398     116  496774  5738470  57.73
  2009        30-34     0.00019  0.00094  3.01   99282      94  496221  5241696  52.80
  2009        35-39     0.00059  0.00296  2.70   99188     293  495265  4745475  47.84
  2009        40-44     0.00077  0.00384  2.64   98895     380  493577  4250210  42.98
  2009        45-49     0.00173  0.00864  2.66   98514     851  490583  3756632  38.13
  2009        50-54     0.00271  0.01347  2.73   97664    1316  485333  3266050  33.44
  2009        55-59     0.00433  0.02143  2.50   96348    2064  476587  2780716  28.86
  2009        60-64     0.00600  0.02958  2.60   94283    2789  464716  2304129  24.44
  2009        65-69     0.00943  0.04610  2.57   91495    4218  447241  1839413  20.10
  2009        70-74     0.01662  0.08008  2.74   87277    6989  420622  1392172  15.95
  2009        75-79     0.03174  0.14802  2.72   80288   11884  374400   971550  12.10
  2009        80-84     0.06424  0.27912  2.65   68404   19093  297212   597150   8.73
  2009        85-89     0.12012  0.45994  2.45   49311   22680  188813   299938   6.08
  2009        90-94     0.20613  0.66136  2.29   26631   17613   85444   111125   4.17
  2009        95-99     0.33164  0.83125  2.00    9018    7497   22605    25681   2.85
  2009       100-104    0.48588  0.92925  1.68    1522    1414    2910     3077   2.02
  2009       105-109    0.64441  0.97091  1.40     108     105     162      166   1.54
  2009       110+       0.76270  1.00000  1.31       3       3       4        4   1.31
  2010           0      0.00298  0.00298  0.14  100000     298   99745  8262469  82.62
  2010         1-4      0.00033  0.00132  2.35   99702     132  398591  8162725  81.87
  2010         5-9      0.00013  0.00067  2.51   99570      67  497684  7764134  77.98
  2010        10-14     0.00007  0.00034  1.50   99503      34  497398  7266450  73.03
  2010        15-19     0.00016  0.00078  2.66   99470      78  497166  6769052  68.05
  2010        20-24     0.00013  0.00065  2.68   99392      65  496809  6271886  63.10
  2010        25-29     0.00013  0.00064  2.33   99327      64  496465  5775076  58.14
  2010        30-34     0.00040  0.00200  2.20   99263     199  495760  5278611  53.18
  2010        35-39     0.00055  0.00273  2.47   99065     270  494639  4782851  48.28
  2010        40-44     0.00095  0.00475  3.01   98795     469  493037  4288212  43.41
  2010        45-49     0.00156  0.00779  2.61   98326     766  489796  3795175  38.60
  2010        50-54     0.00268  0.01329  2.52   97560    1296  484582  3305379  33.88
  2010        55-59     0.00409  0.02023  2.62   96263    1947  476690  2820797  29.30
  2010        60-64     0.00547  0.02699  2.66   94316    2546  465617  2344107  24.85
  2010        65-69     0.00921  0.04509  2.67   91770    4137  449204  1878490  20.47
  2010        70-74     0.01512  0.07304  2.68   87633    6400  423314  1429285  16.31
  2010        75-79     0.03041  0.14238  2.77   81233   11566  380332  1005971  12.38
  2010        80-84     0.05967  0.26189  2.67   69667   18245  305772   625639   8.98
  2010        85-89     0.11578  0.44891  2.50   51421   23083  199376   319867   6.22
  2010        90-94     0.20037  0.65114  2.31   28338   18452   92088   120491   4.25
  2010        95-99     0.32789  0.82820  2.01    9886    8188   24970    28403   2.87
  2010       100-104    0.48585  0.92958  1.68    1698    1579    3250     3433   2.02
  2010       105-109    0.64836  0.97169  1.40     120     116     179      184   1.54
  2010       110+       0.76887  1.00000  1.30       3       3       4        4   1.30
  2011           0      0.00213  0.00212  0.14  100000     212   99818  8286246  82.86
  2011         1-4      0.00026  0.00104  1.90   99788     104  398931  8186427  82.04
  2011         5-9      0.00007  0.00034  2.17   99683      34  498321  7787496  78.12
  2011        10-14     0.00007  0.00033  2.81   99650      33  498176  7289175  73.15
  2011        15-19     0.00010  0.00050  3.68   99617      49  498019  6790999  68.17
  2011        20-24     0.00025  0.00126  2.31   99567     125  497500  6292980  63.20
  2011        25-29     0.00015  0.00073  2.68   99442      72  497044  5795480  58.28
  2011        30-34     0.00019  0.00093  2.79   99370      93  496645  5298436  53.32
  2011        35-39     0.00051  0.00255  2.82   99277     253  495835  4801792  48.37
  2011        40-44     0.00106  0.00527  2.64   99024     522  493889  4305957  43.48
  2011        45-49     0.00167  0.00833  2.60   98502     821  490545  3812068  38.70
  2011        50-54     0.00267  0.01329  2.63   97682    1298  485328  3321523  34.00
  2011        55-59     0.00394  0.01955  2.72   96384    1884  477632  2836195  29.43
  2011        60-64     0.00604  0.02976  2.64   94500    2812  465856  2358562  24.96
  2011        65-69     0.00941  0.04607  2.72   91688    4225  448825  1892706  20.64
  2011        70-74     0.01403  0.06798  2.71   87464    5946  423704  1443881  16.51
  2011        75-79     0.02927  0.13730  2.74   81518   11193  382343  1020177  12.51
  2011        80-84     0.05593  0.24725  2.66   70325   17388  310872   637834   9.07
  2011        85-89     0.11676  0.45486  2.57   52937   24079  206223   326962   6.18
  2011        90-94     0.20337  0.65968  2.34   28858   19037   93610   120739   4.18
  2011        95-99     0.34262  0.84308  1.99    9821    8280   24166    27129   2.76
  2011       100-104    0.51227  0.94005  1.63    1541    1449    2828     2963   1.92
  2011       105-109    0.68144  0.97673  1.35      92      90     132      135   1.46
  2011       110+       0.80148  1.00000  1.25       2       2       3        3   1.25
  2012           0      0.00169  0.00168  0.15  100000     168   99856  8289635  82.90
  2012         1-4      0.00016  0.00064  1.21   99832      64  399147  8189779  82.04
  2012         5-9      0.00000  0.00000  2.50   99767       0  498836  7790632  78.09
  2012        10-14     0.00013  0.00067  3.50   99767      67  498736  7291796  73.09
  2012        15-19     0.00020  0.00102  3.47   99700     101  498348  6793060  68.13
  2012        20-24     0.00022  0.00109  2.98   99599     108  497777  6294713  63.20
  2012        25-29     0.00018  0.00088  3.37   99491      87  497313  5796936  58.27
  2012        30-34     0.00032  0.00161  3.04   99404     160  496705  5299623  53.31
  2012        35-39     0.00042  0.00210  1.94   99244     208  495582  4802918  48.40
  2012        40-44     0.00075  0.00377  2.84   99036     373  494372  4307336  43.49
  2012        45-49     0.00145  0.00724  2.83   98663     715  491766  3812964  38.65
  2012        50-54     0.00230  0.01145  2.64   97948    1121  487093  3321197  33.91
  2012        55-59     0.00461  0.02278  2.61   96827    2206  478864  2834104  29.27
  2012        60-64     0.00628  0.03090  2.52   94621    2923  465857  2355240  24.89
  2012        65-69     0.00905  0.04433  2.67   91698    4065  449012  1889383  20.60
  2012        70-74     0.01448  0.07004  2.66   87633    6138  423802  1440371  16.44
  2012        75-79     0.02948  0.13817  2.73   81495   11260  381926  1016569  12.47
  2012        80-84     0.05922  0.26028  2.68   70235   18281  308698   634644   9.04
  2012        85-89     0.11205  0.43797  2.51   51954   22754  203079   325946   6.27
  2012        90-94     0.20279  0.65498  2.30   29199   19125   94309   122867   4.21
  2012        95-99     0.33285  0.83335  2.00   10074    8395   25223    28558   2.83
  2012       100-104    0.49492  0.93337  1.66    1679    1567    3166     3335   1.99
  2012       105-109    0.65996  0.97358  1.38     112     109     165      169   1.51
  2012       110+       0.78056  1.00000  1.28       3       3       4        4   1.28
  2013           0      0.00287  0.00286  0.14  100000     286   99755  8316626  83.17
  2013         1-4      0.00007  0.00028  2.83   99714      27  398823  8216871  82.40
  2013         5-9      0.00006  0.00032  2.52   99686      32  498352  7818049  78.43
  2013        10-14     0.00011  0.00057  2.49   99654      57  498129  7319697  73.45
  2013        15-19     0.00014  0.00071  4.20   99598      71  497931  6821568  68.49
  2013        20-24     0.00022  0.00108  2.48   99527     108  497362  6323637  63.54
  2013        25-29     0.00021  0.00106  2.41   99419     106  496821  5826275  58.60
  2013        30-34     0.00030  0.00149  3.06   99313     148  496281  5329454  53.66
  2013        35-39     0.00058  0.00291  2.70   99166     288  495167  4833173  48.74
  2013        40-44     0.00081  0.00402  2.50   98878     398  493396  4338005  43.87
  2013        45-49     0.00142  0.00706  2.78   98480     695  490854  3844609  39.04
  2013        50-54     0.00213  0.01058  2.80   97785    1035  486652  3353755  34.30
  2013        55-59     0.00415  0.02057  2.76   96750    1991  479290  2867103  29.63
  2013        60-64     0.00608  0.02995  2.60   94759    2838  467000  2387813  25.20
  2013        65-69     0.00826  0.04052  2.63   91922    3725  450794  1920813  20.90
  2013        70-74     0.01424  0.06896  2.70   88197    6082  427006  1470019  16.67
  2013        75-79     0.02714  0.12778  2.71   82115   10493  386548  1043013  12.70
  2013        80-84     0.05664  0.25017  2.67   71623   17918  316369   656465   9.17
  2013        85-89     0.11038  0.43439  2.55   53705   23329  211360   340096   6.33
  2013        90-94     0.20081  0.65227  2.31   30376   19813   98664   128736   4.24
  2013        95-99     0.33097  0.83191  2.01   10563    8787   26550    30073   2.85
  2013       100-104    0.49545  0.93378  1.66    1775    1658    3346     3523   1.98
  2013       105-109    0.66292  0.97410  1.38     118     115     173      177   1.50
  2013       110+       0.78468  1.00000  1.27       3       3       4        4   1.27
  2014           0      0.00194  0.00194  0.15  100000     194   99834  8365803  83.66
  2014         1-4      0.00005  0.00019  0.99   99806      19  399169  8265969  82.82
  2014         5-9      0.00008  0.00040  2.07   99788      40  498821  7866800  78.84
  2014        10-14     0.00009  0.00045  3.50   99748      45  498672  7367979  73.87
  2014        15-19     0.00009  0.00044  1.97   99703      43  498384  6869307  68.90
  2014        20-24     0.00032  0.00159  2.68   99660     158  497930  6370924  63.93
  2014        25-29     0.00015  0.00077  2.65   99501      76  497327  5872994  59.02
  2014        30-34     0.00033  0.00167  2.50   99425     166  496711  5375666  54.07
  2014        35-39     0.00047  0.00236  2.36   99259     234  495681  4878955  49.15
  2014        40-44     0.00066  0.00332  3.02   99026     328  494478  4383274  44.26
  2014        45-49     0.00135  0.00675  2.72   98697     667  491968  3888796  39.40
  2014        50-54     0.00207  0.01032  2.76   98031    1011  487890  3396829  34.65
  2014        55-59     0.00353  0.01751  2.66   97019    1699  481125  2908939  29.98
  2014        60-64     0.00581  0.02867  2.73   95320    2733  470393  2427814  25.47
  2014        65-69     0.00816  0.04007  2.76   92587    3710  454633  1957421  21.14
  2014        70-74     0.01428  0.06919  2.75   88877    6149  430519  1502788  16.91
  2014        75-79     0.02527  0.11968  2.79   82728    9901  391724  1072269  12.96
  2014        80-84     0.05301  0.23588  2.67   72827   17178  324055   680545   9.34
  2014        85-89     0.10927  0.43284  2.60   55649   24087  220438   356490   6.41
  2014        90-94     0.19510  0.64247  2.34   31562   20278  103934   136053   4.31
  2014        95-99     0.33076  0.83228  2.02   11284    9392   28394    32119   2.85
  2014       100-104    0.49973  0.93571  1.66    1893    1771    3544     3724   1.97
  2014       105-109    0.67096  0.97537  1.36     122     119     177      181   1.48
  2014       110+       0.79393  1.00000  1.26       3       3       4        4   1.26
  2015           0      0.00148  0.00148  0.15  100000     148   99874  8350124  83.50
  2015         1-4      0.00007  0.00028  2.14   99852      28  399357  8250250  82.62
  2015         5-9      0.00010  0.00049  2.57   99824      49  499002  7850893  78.65
  2015        10-14     0.00007  0.00034  2.17   99775      34  498781  7351891  73.68
  2015        15-19     0.00013  0.00065  3.13   99742      65  498587  6853110  68.71
  2015        20-24     0.00027  0.00135  2.32   99677     134  498027  6354523  63.75
  2015        25-29     0.00013  0.00064  2.83   99543      63  497577  5856496  58.83
  2015        30-34     0.00039  0.00193  2.24   99479     192  496867  5358920  53.87
  2015        35-39     0.00047  0.00234  2.67   99287     232  495894  4862053  48.97
  2015        40-44     0.00073  0.00366  2.98   99055     362  494543  4366159  44.08
  2015        45-49     0.00143  0.00710  2.61   98693     701  491791  3871616  39.23
  2015        50-54     0.00226  0.01122  2.62   97992    1099  487343  3379824  34.49
  2015        55-59     0.00352  0.01745  2.75   96892    1691  480657  2892481  29.85
  2015        60-64     0.00588  0.02900  2.71   95201    2761  469675  2411824  25.33
  2015        65-69     0.00944  0.04620  2.73   92440    4271  452497  1942149  21.01
  2015        70-74     0.01423  0.06881  2.63   88170    6067  426460  1489652  16.90
  2015        75-79     0.02559  0.12091  2.72   82103    9927  387913  1063192  12.95
  2015        80-84     0.05296  0.23609  2.71   72176   17040  321777   675279   9.36
  2015        85-89     0.10686  0.42459  2.58   55136   23410  219075   353502   6.41
  2015        90-94     0.19971  0.64952  2.31   31726   20607  103182   134427   4.24
  2015        95-99     0.33562  0.83715  2.01   11119    9308   27735    31245   2.81
  2015       100-104    0.50775  0.93875  1.64    1811    1700    3348     3510   1.94
  2015       105-109    0.68045  0.97670  1.35     111     108     159      162   1.46
  2015       110+       0.80282  1.00000  1.25       3       3       3        3   1.25
  2016           0      0.00210  0.00210  0.14  100000     210   99821  8385705  83.86
  2016         1-4      0.00017  0.00068  1.34   99790      68  398981  8285885  83.03
  2016         5-9      0.00006  0.00028  1.17   99723      27  498508  7886904  79.09
  2016        10-14     0.00002  0.00011  2.50   99695      11  498448  7388396  74.11
  2016        15-19     0.00031  0.00152  2.97   99684     152  498111  6889948  69.12
  2016        20-24     0.00016  0.00080  2.33   99532      80  497446  6391837  64.22
  2016        25-29     0.00020  0.00098  2.76   99452      98  497042  5894391  59.27
  2016        30-34     0.00035  0.00174  3.04   99355     173  496433  5397349  54.32
  2016        35-39     0.00040  0.00201  2.37   99182     199  495383  4900915  49.41
  2016        40-44     0.00065  0.00326  2.98   98982     322  494262  4405532  44.51
  2016        45-49     0.00115  0.00572  2.92   98660     564  492127  3911271  39.64
  2016        50-54     0.00211  0.01050  2.56   98096    1030  487968  3419143  34.86
  2016        55-59     0.00355  0.01759  2.58   97066    1707  481198  2931175  30.20
  2016        60-64     0.00560  0.02766  2.80   95359    2637  470991  2449978  25.69
  2016        65-69     0.00800  0.03923  2.50   92722    3637  454530  1978986  21.34
  2016        70-74     0.01391  0.06750  2.82   89084    6013  432333  1524456  17.11
  2016        75-79     0.02337  0.11103  2.76   83071    9223  394700  1092123  13.15
  2016        80-84     0.05092  0.22768  2.68   73848   16814  330200   697423   9.44
  2016        85-89     0.10741  0.42467  2.54   57034   24221  225496   367223   6.44
  2016        90-94     0.19473  0.64095  2.33   32813   21032  108007   141727   4.32
  2016        95-99     0.32852  0.83029  2.02   11782    9782   29776    33721   2.86
  2016       100-104    0.49835  0.93530  1.66    1999    1870    3752     3945   1.97
  2016       105-109    0.67079  0.97538  1.36     129     126     188      192   1.49
  2016       110+       0.79455  1.00000  1.26       3       3       4        4   1.26
  2017           0      0.00213  0.00213  0.14  100000     213   99818  8367978  83.68
  2017         1-4      0.00007  0.00030  0.83   99787      30  399054  8268160  82.86
  2017         5-9      0.00008  0.00038  4.01   99757      38  498749  7869106  78.88
  2017        10-14     0.00009  0.00045  3.76   99720      45  498542  7370357  73.91
  2017        15-19     0.00018  0.00089  3.25   99675      89  498217  6871815  68.94
  2017        20-24     0.00032  0.00160  3.10   99586     160  497626  6373598  64.00
  2017        25-29     0.00017  0.00086  2.62   99426      85  496929  5875971  59.10
  2017        30-34     0.00022  0.00112  2.58   99341     111  496437  5379042  54.15
  2017        35-39     0.00042  0.00209  2.75   99230     208  495682  4882605  49.20
  2017        40-44     0.00070  0.00348  2.62   99022     344  494292  4386923  44.30
  2017        45-49     0.00129  0.00645  2.69   98678     636  491922  3892631  39.45
  2017        50-54     0.00215  0.01068  2.68   98042    1047  487783  3400709  34.69
  2017        55-59     0.00386  0.01910  2.64   96994    1853  480607  2912927  30.03
  2017        60-64     0.00598  0.02948  2.65   95141    2805  469109  2432320  25.57
  2017        65-69     0.00872  0.04273  2.68   92336    3945  452534  1963211  21.26
  2017        70-74     0.01365  0.06614  2.68   88391    5846  428420  1510676  17.09
  2017        75-79     0.02511  0.11863  2.68   82545    9792  389970  1082256  13.11
  2017        80-84     0.05172  0.23131  2.72   72753   16828  325382   692286   9.52
  2017        85-89     0.10275  0.41206  2.60   55925   23044  224273   366904   6.56
  2017        90-94     0.19350  0.63803  2.33   32881   20979  108420   142631   4.34
  2017        95-99     0.32682  0.82874  2.03   11902    9863   30180    34210   2.87
  2017       100-104    0.49709  0.93489  1.66    2038    1906    3833     4031   1.98
  2017       105-109    0.67029  0.97533  1.37     133     129     193      197   1.49
  2017       110+       0.79460  1.00000  1.26       3       3       4        4   1.26
